version https://git-lfs.github.com/spec/v1
oid sha256:f6f33dc216b4a7e9f1c88414686c93b818e454e52cee48cfa38660b647513201
size 6913
