version https://git-lfs.github.com/spec/v1
oid sha256:413b1dc756b1aec28ef59cb66283fa640eaf925b7ec89d77cd9934da660b4916
size 694790
