version https://git-lfs.github.com/spec/v1
oid sha256:53a2f9ed0608ab66731d3f9b8c9dc2e759d10429ca4f54a52044982de33556a1
size 32625
