version https://git-lfs.github.com/spec/v1
oid sha256:fb7fa2f387cf61b39c4446bbd71637fc7141ae03f72fb98616e9975a87cc64f6
size 304049
