version https://git-lfs.github.com/spec/v1
oid sha256:4918a3dce81229c7af0f64e890d548b735e3e229f80f60da7c3028d242675b83
size 642362
