version https://git-lfs.github.com/spec/v1
oid sha256:de6d059cbf2a7f1a7f5798d42bd7c058742eda84dbbde79a5ec28a805cb53860
size 107430
