version https://git-lfs.github.com/spec/v1
oid sha256:415724adb15b92b6d3382531d464b1be3a3e70537cdf0887bceed5aced22c9bb
size 26335
